40 2 6.10711200691045
2 3 3.34293118341491
3 4 1.38496976677224
4 5 0.0921393607831846
5 6 0.665131010653614
6 47 0.302332277569824
2 7 2.40426144543622
7 8 1.81111431039447
8 9 0.00575871004894904
9 9 0.532680679527786
9 10 0.204434206737691
10 10 0.351281312985891
10 9 0.221710336884538
9 5 0.270659372300605
5 11 0.5989058450907
11 47 0.238986467031385
41 2 1.07112006910452
2 4 1.88021883098186
4 48 0.0575871004894904
42 2 1.66714655917075
4 4 1.9435646415203
4 8 0.319608407716671
8 5 0.17852001151742
11 48 0.262021307227181
43 2 0.80334005182839
8 4 0.77742585660812
8 47 0.33112582781457
8 12 0.860927152317881
12 7 1.66714655917075
7 12 0.403109703426432
12 47 0.172761301468471
4 13 1.50014396775122
13 48 1.46559170745753
3 5 0.374316153181687
6 48 0.310970342643248
8 8 0.351281312985891
5 14 0.385833573279585
14 48 0.32536711776562
3 48 0.855168442268932
13 5 0.584509069968327
5 15 0.584509069968327
15 48 0.336884537863519
15 8 0.00287935502447452
12 8 0.454938093866974
8 7 0.460696803915923
7 47 2.59141952202707
4 16 0.190037431615318
16 16 0.506766484307515
16 10 0.207313561762165
10 16 0.181399366541895
16 5 0.259141952202707
5 17 0.630578750359919
17 48 0.313849697667722
15 47 0.138209041174777
4 9 0.204434206737691
9 18 0.167002591419522
18 9 0.164123236395048
17 47 0.224589691909012
4 47 0.0547077454650158
2 16 0.172761301468471
16 4 0.0719838756118629
8 2 0.00287935502447452
2 48 0.00863806507342355
13 13 0.0633458105384394
40 5 0.123812266052404
5 19 0.279297437374028
19 2 0.0316729052692197
2 13 0.0518283904405413
13 4 0.112294845954506
7 4 0.547077454650158
41 4 0.00575871004894904
4 2 0.0230348401957961
15 50 0.0316729052692197
2 20 0.0143967751223726
20 47 0.00575871004894904
42 47 0.00863806507342355
2 12 1.61819752375468
12 4 0.00575871004894904
18 18 0.273538727325079
17 17 0.0806219406852865
17 21 0.0978980708321336
21 17 0.0748632306363375
21 50 0.00575871004894904
4 3 0.0172761301468471
3 10 0.00575871004894904
10 13 0.00575871004894904
12 12 1.55197235819177
7 5 1.32450331125828
11 50 0.0460696803915923
40 47 0.00287935502447452
16 1 0.0115174200978981
14 47 0.0316729052692197
16 48 0.0287935502447452
4 7 2.29772530953067
7 7 0.161243881370573
17 51 0.0143967751223726
4 22 0.00863806507342355
22 4 0.00575871004894904
22 48 0.00287935502447452
12 9 0.158364526346098
9 4 0.077742585660812
5 23 0.218830981860063
23 48 0.077742585660812
13 3 0.0115174200978981
3 8 0.00575871004894904
44 2 0.0345522602936942
2 22 0.0518283904405413
22 22 0.00287935502447452
22 8 0.00287935502447452
11 21 0.0230348401957961
21 5 0.00575871004894904
5 2 0.00575871004894904
11 4 0.00287935502447452
42 7 0.00575871004894904
7 2 0.0201554851713216
2 8 0.0806219406852865
7 19 0.00287935502447452
19 5 0.00863806507342355
5 48 0.0115174200978981
23 2 0.0518283904405413
22 24 0.0374316153181687
24 4 0.0115174200978981
5 24 0.00287935502447452
24 23 0.00287935502447452
11 11 0.0287935502447452
11 25 0.00287935502447452
25 48 0.00863806507342355
42 5 0.0518283904405413
21 21 0.213072271811114
17 2 0.0172761301468471
6 50 0.0230348401957961
45 2 0.00287935502447452
2 9 0.164123236395048
13 11 0.00287935502447452
11 5 0.0143967751223726
5 47 0.0259141952202707
3 13 0.0604664555139649
21 2 0.08926000575871
6 5 0.00287935502447452
5 21 0.0345522602936942
21 6 0.0518283904405413
16 18 0.207313561762165
18 16 0.17852001151742
18 5 0.0115174200978981
2 5 0.0201554851713216
9 47 0.0115174200978981
2 26 0.0374316153181687
26 27 0.0287935502447452
27 7 0.0172761301468471
7 13 0.0115174200978981
13 47 0.0201554851713216
19 47 0.0662251655629139
7 52 0.00287935502447452
4 10 0.0172761301468471
10 4 0.00863806507342355
6 6 0.0719838756118629
6 17 0.00575871004894904
9 1 0.00863806507342355
42 4 0.0115174200978981
23 23 0.0489490354160668
23 6 0.00575871004894904
9 50 0.0431903253671178
3 12 0.627699395335445
12 13 0.616181975237547
3 3 0.0287935502447452
21 11 0.0259141952202707
23 47 0.0374316153181687
18 4 0.00287935502447452
11 52 0.0230348401957961
7 48 0.0172761301468471
17 52 0.0316729052692197
19 48 0.118053556003455
23 17 0.0172761301468471
9 16 0.0230348401957961
16 9 0.00863806507342355
10 5 0.0115174200978981
4 24 0.00575871004894904
24 24 0.0201554851713216
24 7 0.0201554851713216
8 28 0.00863806507342355
28 28 0.0748632306363375
28 7 0.0403109703426432
20 4 0.00863806507342355
4 29 0.00863806507342355
29 47 0.00863806507342355
5 30 0.0287935502447452
30 30 0.0259141952202707
30 14 0.00575871004894904
19 19 0.0662251655629139
19 15 0.00575871004894904
19 6 0.0172761301468471
6 31 0.0143967751223726
31 6 0.0143967751223726
6 21 0.0748632306363375
21 47 0.00575871004894904
5 32 0.0518283904405413
32 32 0.0287935502447452
32 17 0.0201554851713216
21 48 0.0115174200978981
2 17 0.00575871004894904
17 4 0.00863806507342355
5 31 0.0287935502447452
4 31 0.00287935502447452
43 47 0.00287935502447452
12 50 0.106536135905557
4 33 0.00575871004894904
33 4 0.00287935502447452
4 28 0.0172761301468471
28 33 0.0345522602936942
33 28 0.0431903253671178
28 13 0.0143967751223726
7 17 0.00575871004894904
17 5 0.0143967751223726
11 2 0.0115174200978981
33 33 0.0518283904405413
28 24 0.00287935502447452
24 48 0.00575871004894904
4 18 0.00575871004894904
28 1 0.00575871004894904
4 1 0.0201554851713216
6 52 0.00287935502447452
10 52 0.00287935502447452
2 34 0.0547077454650158
34 28 0.0547077454650158
15 15 0.0633458105384394
30 47 0.00287935502447452
28 47 0.00863806507342355
16 50 0.0230348401957961
4 50 0.0431903253671178
19 14 0.0172761301468471
15 11 0.0115174200978981
32 35 0.0115174200978981
35 14 0.00287935502447452
14 14 0.0287935502447452
14 21 0.0316729052692197
21 14 0.0201554851713216
14 17 0.00287935502447452
46 5 0.00287935502447452
14 2 0.00575871004894904
9 48 0.00575871004894904
16 17 0.00287935502447452
26 4 0.00287935502447452
4 26 0.00287935502447452
27 4 0.00575871004894904
12 26 0.0115174200978981
26 7 0.00575871004894904
7 27 0.00287935502447452
18 50 0.0201554851713216
19 21 0.00575871004894904
21 19 0.00287935502447452
19 53 0.00575871004894904
2 24 0.0230348401957961
22 5 0.0143967751223726
5 36 0.0115174200978981
36 25 0.00287935502447452
25 6 0.00575871004894904
13 10 0.00575871004894904
13 12 0.0259141952202707
15 21 0.0633458105384394
21 15 0.0604664555139649
19 50 0.00575871004894904
17 7 0.00287935502447452
16 12 0.0806219406852865
23 14 0.00575871004894904
9 12 0.0921393607831846
32 48 0.00863806507342355
15 54 0.00287935502447452
11 17 0.00287935502447452
35 6 0.00863806507342355
10 50 0.0172761301468471
2 2 0.00863806507342355
16 47 0.0259141952202707
28 4 0.00863806507342355
13 7 0.0115174200978981
8 16 0.0143967751223726
8 33 0.00575871004894904
33 47 0.00287935502447452
10 12 0.00575871004894904
14 50 0.0115174200978981
23 21 0.0230348401957961
21 23 0.0143967751223726
17 55 0.00575871004894904
31 48 0.0115174200978981
7 14 0.00575871004894904
14 5 0.00863806507342355
5 50 0.00287935502447452
17 50 0.0201554851713216
12 37 0.00287935502447452
37 37 0.00287935502447452
37 38 0.00287935502447452
38 48 0.00575871004894904
14 51 0.00575871004894904
13 1 0.00575871004894904
30 6 0.00287935502447452
17 1 0.00287935502447452
30 17 0.0115174200978981
12 5 0.164123236395048
10 24 0.00575871004894904
24 5 0.0143967751223726
30 48 0.00287935502447452
2 47 0.00575871004894904
32 6 0.00287935502447452
12 3 0.0115174200978981
28 12 0.0172761301468471
24 18 0.00287935502447452
18 24 0.00287935502447452
43 4 0.00287935502447452
31 47 0.00863806507342355
36 36 0.00575871004894904
36 11 0.00287935502447452
5 25 0.0172761301468471
25 36 0.00863806507342355
36 17 0.00575871004894904
19 11 0.00287935502447452
31 2 0.00575871004894904
25 25 0.0143967751223726
25 17 0.00287935502447452
4 34 0.00287935502447452
34 48 0.00287935502447452
26 47 0.00287935502447452
6 25 0.00287935502447452
25 11 0.00287935502447452
32 11 0.00575871004894904
13 50 0.00287935502447452
15 6 0.00575871004894904
16 8 0.00575871004894904
6 4 0.00575871004894904
15 4 0.00287935502447452
3 33 0.00575871004894904
33 13 0.00863806507342355
4 21 0.00287935502447452
40 4 0.00287935502447452
10 18 0.00287935502447452
40 7 0.0172761301468471
26 24 0.00287935502447452
4 27 0.00287935502447452
27 26 0.00287935502447452
26 10 0.00287935502447452
10 54 0.00287935502447452
7 28 0.00287935502447452
12 2 0.0345522602936942
12 48 0.0978980708321336
11 12 0.00863806507342355
6 12 0.00287935502447452
2 15 0.00287935502447452
15 12 0.00575871004894904
2 28 0.00863806507342355
28 34 0.00575871004894904
34 33 0.00287935502447452
28 8 0.00575871004894904
28 48 0.0143967751223726
4 12 0.00287935502447452
12 1 0.0374316153181687
26 12 0.00575871004894904
12 27 0.00287935502447452
12 21 0.0115174200978981
17 12 0.0143967751223726
12 16 0.192916786639793
18 12 0.00863806507342355
8 19 0.00287935502447452
12 19 0.00287935502447452
5 35 0.00575871004894904
35 32 0.00287935502447452
32 21 0.00287935502447452
21 35 0.00287935502447452
35 2 0.00287935502447452
12 24 0.00575871004894904
12 28 0.0201554851713216
3 15 0.00575871004894904
15 5 0.0259141952202707
24 12 0.0230348401957961
23 50 0.00575871004894904
2 50 0.0259141952202707
42 12 0.0172761301468471
27 12 0.00287935502447452
8 27 0.00287935502447452
27 8 0.00575871004894904
12 54 0.00863806507342355
3 1 0.00575871004894904
12 22 0.0143967751223726
22 12 0.0115174200978981
42 17 0.00287935502447452
31 21 0.00287935502447452
6 54 0.00287935502447452
6 2 0.00287935502447452
26 5 0.00287935502447452
36 47 0.00287935502447452
2 21 0.0201554851713216
21 12 0.0172761301468471
12 14 0.00287935502447452
3 47 0.0143967751223726
8 13 0.0115174200978981
33 5 0.00287935502447452
10 1 0.00287935502447452
21 25 0.00863806507342355
25 21 0.00575871004894904
21 36 0.00287935502447452
36 21 0.00287935502447452
25 50 0.00287935502447452
13 33 0.00575871004894904
12 10 0.0259141952202707
23 15 0.00287935502447452
12 17 0.00863806507342355
9 8 0.00575871004894904
7 15 0.00287935502447452
33 21 0.00287935502447452
21 28 0.00287935502447452
21 31 0.00287935502447452
31 1 0.00287935502447452
24 10 0.00575871004894904
16 52 0.00287935502447452
5 5 0.00863806507342355
14 12 0.00575871004894904
15 2 0.00287935502447452
7 1 0.00287935502447452
40 12 0.00287935502447452
2 18 0.00287935502447452
18 22 0.00287935502447452
22 47 0.00287935502447452
15 51 0.00575871004894904
30 21 0.00287935502447452
2 30 0.00287935502447452
30 12 0.00287935502447452
19 17 0.00287935502447452
3 17 0.00575871004894904
5 13 0.00287935502447452
44 5 0.00863806507342355
14 11 0.00287935502447452
41 12 0.00575871004894904
3 50 0.00287935502447452
6 55 0.00287935502447452
15 17 0.00575871004894904
9 39 0.00287935502447452
39 50 0.00575871004894904
46 2 0.00575871004894904
16 39 0.00287935502447452
43 5 0.00287935502447452
12 6 0.00287935502447452
3 11 0.00287935502447452
7 11 0.00287935502447452
6 19 0.00575871004894904
2 19 0.00287935502447452
19 12 0.00287935502447452
12 18 0.00575871004894904
24 8 0.00287935502447452
18 47 0.00287935502447452
13 9 0.00287935502447452
13 16 0.00287935502447452
17 3 0.00287935502447452
7 50 0.00287935502447452
35 48 0.00287935502447452
10 47 0.00575871004894904
40 3 0.00287935502447452
3 2 0.00287935502447452
2 31 0.00287935502447452
31 5 0.00287935502447452
15 53 0.00287935502447452
9 22 0.00287935502447452
22 50 0.00287935502447452
21 54 0.00287935502447452
13 21 0.00287935502447452
11 10 0.00575871004894904
10 48 0.00287935502447452
23 12 0.00287935502447452
11 39 0.00287935502447452
39 48 0.00287935502447452
7 3 0.00287935502447452
12 11 0.00287935502447452
15 3 0.00287935502447452
9 28 0.00287935502447452
28 18 0.00287935502447452
18 33 0.00287935502447452
27 38 0.00287935502447452
7 10 0.00287935502447452
10 7 0.00287935502447452
2 10 0.00287935502447452
42 15 0.00287935502447452
40 50 0.00287935502447452
15 1 0.00287935502447452
34 12 0.00287935502447452
13 8 0.00287935502447452
21 1 0.00287935502447452
27 13 0.00287935502447452
32 47 0.00287935502447452
11 51 0.00287935502447452
19 36 0.00287935502447452
36 19 0.00287935502447452
19 25 0.00287935502447452
36 6 0.00575871004894904
